1.000000
0.000000
1.000000
0.000000
-2.535463
0.000000
3.000000
0.000000
3.401680
0.000000
0.000000
0.000000
0.000000
0.000000
-1.428571
0.000000
0.000000
0.000000
0.000000
0.000000
-2.571429
0.000000
0.000000
-0.845154
0.000000
0.000000
0.000000
0.000000
0.000000
1.133893
0.000000
0.000000
-2.535463
0.000000
0.000000
1.916630
0.000000
0.000000
3.401680
0.000000
0.000000
-2.000000
0.000000
0.000000
0.000000
0.000000
0.000000
2.000000
0.000000
0.000000
2.000000
0.000000
0.000000
-2.535463
0.000000
0.000000
1.500000
0.000000
0.000000
-0.566947
0.000000
0.000000
-1.267731
0.000000
0.000000
-3.354102
0.000000
0.000000
3.023716
0.000000
0.000000
0.000000
0.000000
0.000000
0.000000
0.000000
7.244179
0.000000
0.000000
0.000000
0.000000
0.000000
0.000000
0.000000
-8.423208
0.000000
0.000000
0.000000
2.253745
0.000000
0.000000
0.000000
0.000000
0.000000
0.000000
0.000000
-3.023716
0.000000
0.000000
0.000000
4.761905
0.000000
0.000000
0.000000
0.000000
0.000000
0.000000
0.000000
-2.159797
0.000000
0.000000
0.000000
0.000000
0.000000
0.000000
0.000000
-2.253745
0.000000
0.000000
0.000000
3.023716
0.000000
0.000000
0.000000
-3.428571
0.000000
0.000000
0.000000
0.643927
0.000000
0.000000
0.000000
4.000000
0.000000
0.000000
0.000000
-1.690309
0.000000
0.000000
0.000000
-1.916630
0.000000
0.000000
0.000000
2.267787
0.000000
0.000000
0.000000
-1.490712
