-4.643140
-4.615016
-2.739279
-2.549967
0.000000
0.846074
0.655559
-3.479574
-2.685886
-2.681810
-0.901937
-2.651706
-2.150578
-1.821560
-3.944805
-3.851404
-3.020143
-3.265509
-3.480617
-3.203580
-2.822151
-2.793798
-1.744344
-1.756128
-0.815984
-0.505801
-2.151214
-2.302205
-1.836854
-1.834635
-1.898498
0.000000
-4.277450
-3.362590
-3.766947
-1.045847
-2.502326
-2.264742
-5.198792
-3.124384
-3.536252
-2.463571
-0.603747
-0.572294
-6.140150
-2.391782
-3.324925
-3.716485
2.354607
0.000000
5.258975
-2.745952
1.706874
-0.511560
-0.647327
0.387258
0.348471
0.000000
0.000000
-3.416941
-3.359976
-1.507760
-2.475393
-3.667525
-4.374579
-3.994157
-2.320597
-3.185569
-3.292807
-3.415539
-1.053467
-1.329230
-1.653046
