-34.081535
-34.136190
-34.108065
-32.232328
-32.043017
-32.161462
-44.394914
-48.281346
-47.435272
-47.625787
-45.546069
-44.752381
-44.748305
-42.968433
-44.718202
-44.217073
-50.658407
-52.781652
-52.688252
-52.101286
-51.856990
-52.102356
-47.247965
-48.932289
-48.655251
-47.025862
-48.273822
-48.245470
-38.591190
-38.602974
-38.446746
-37.662830
-37.352647
-37.662290
-41.607885
-41.758876
-41.604756
-41.293525
-41.291306
-41.355169
-35.851645
-40.057222
-39.142362
-39.546719
-36.825619
-38.282098
-38.044514
-46.527844
-47.699114
-47.748916
-46.085109
-45.674508
-46.086376
-33.023694
-33.022334
-33.020559
-31.072888
-31.163870
-31.132417
-39.891669
-42.243983
-42.403552
-38.655184
-39.588326
-39.979887
-59.467443
-61.822050
-56.563075
-27.011037
-27.019352
-27.018268
-22.566526
-24.784960
-24.920727
-37.454789
-37.493576
-37.842047
-10.704753
-45.074085
-46.258788
-46.201823
-45.053476
-44.349607
-45.317240
-42.832473
-43.539527
-43.159105
-41.485545
-42.350517
-42.457755
-36.579172
-36.227231
-36.585487
-34.223415
-34.499178
-34.822994
