-4.588486
-4.643141
-4.615016
-2.739279
-2.549968
-2.668413
3.886432
0.000000
0.846074
0.655559
-3.479574
-2.685885
-2.681809
-0.901937
-2.651706
-2.150577
-1.821559
-3.944805
-3.851405
-3.264439
-3.020143
-3.265509
-1.796293
-3.480617
-3.203579
-1.574190
-2.822150
-2.793798
-1.744344
-1.756128
-1.599900
-0.815984
-0.505801
-0.815444
-2.151214
-2.302205
-2.148085
-1.836854
-1.834635
-1.898498
0.000000
-4.277450
-3.362589
-3.766947
-1.045847
-2.502325
-2.264741
-3.977719
-5.148989
-5.198791
-3.534985
-3.124384
-3.536251
-2.463571
-2.462211
-2.460436
-0.512765
-0.603747
-0.572294
-3.628267
-5.980581
-6.140150
-2.391782
-3.324925
-3.716485
2.354607
0.000000
5.258975
-2.737637
-2.745952
-2.744868
1.706874
-0.511560
-0.647327
0.387258
0.348471
0.000000
0.000000
-2.232238
-3.416941
-3.359976
-2.211629
-1.507760
-2.475393
-3.667524
-4.374578
-3.994156
-2.320597
-3.185569
-3.292806
-3.409224
-3.057283
-3.415539
-1.053467
-1.329230
-1.653046
