1.129744e+03
1.640160e+00
-9.213660e+00
7.803765e+02
-7.842060e+00
1.278145e+03
0.000000e+00
1.629711e+02
2.463903e+02
3.000015e+02
1.574901e+02
3.171735e+02
4.425507e+02
4.339275e+02
4.065549e+02
2.248962e+02
2.363307e+02
4.467336e+02
2.123088e+02
5.644812e+02
4.189458e+02
6.555900e+02
3.208035e+02
1.430652e+02
6.377328e+02
8.605179e+02
7.606044e+02
6.516594e+02
1.030705e+03
5.190359e+02
5.936990e+02
4.986077e+02
8.546195e+02
6.696560e+02
6.119381e+02
9.857375e+02
8.755613e+02
7.723133e+02
1.080357e+03
1.022210e+03
1.029008e+03
1.192343e+03
1.532472e+03
8.165324e+02
4.112253e+02
2.091762e+02
4.459962e+02
2.856675e+02
2.256764e+01
5.457073e+01
2.678234e+01
4.726657e+02
3.474195e+02
4.505787e+02
4.507164e+02
3.352579e+02
4.757119e+02
4.588963e+02
4.603074e+02
4.426075e+02
5.643792e+02
4.890330e+02
6.866246e+02
5.469050e+02
4.783699e+02
6.723163e+02
1.809946e+02
4.255795e+02
6.824996e+02
4.592717e+02
5.688448e+02
7.208710e+02
8.670263e+02
7.747322e+02
7.185307e+02
7.672508e+02
1.049344e+03
7.441445e+02
9.592751e+02
6.419160e+02
6.382751e+02
1.102180e+03
1.164732e+03
1.052502e+03
1.067530e+03
2.156391e+02
6.970653e+02
7.893054e+02
4.115216e+02
3.722573e+02
5.334698e+02
4.933813e+02
3.190378e+02
4.549648e+02
2.997897e+02
4.482123e+02
4.440570e+02
3.447890e+02
3.877910e+02
4.878431e+02
4.840354e+02
3.669436e+02
4.956328e+02
4.567638e+02
4.350099e+02
7.518693e+02
2.221545e+02
4.662491e+02
4.741952e+02
6.566657e+02
5.671780e+02
4.733881e+02
4.950907e+02
6.027165e+02
5.021568e+02
6.403986e+02
5.758499e+02
5.849273e+02
6.238658e+02
6.140919e+02
6.283506e+02
7.249953e+02
5.502479e+02
6.328004e+02
8.308823e+02
1.719086e+02
6.947431e+02
6.812611e+02
6.954343e+02
6.570225e+02
7.905555e+02
9.510435e+02
7.735241e+02
7.036346e+02
8.725682e+02
7.674106e+02
7.992598e+02
9.556600e+02
7.937394e+02
8.044836e+02
9.925035e+02
9.171080e+02
9.290834e+02
8.473508e+02
8.881003e+02
9.420211e+02
8.437843e+02
9.584130e+02
1.126145e+03
9.126435e+02
9.747149e+02
1.051978e+03
9.391100e+02
1.198699e+03
1.127294e+03
9.378898e+02
9.766557e+02
1.135510e+03
1.003167e+03
1.313223e+03
2.076532e+02
5.286393e+02
3.437847e+02
5.680244e+02
3.551348e+02
4.584253e+02
3.686332e+02
4.428553e+02
4.811748e+02
5.122779e+02
2.736978e+01
4.241868e+01
5.674760e+02
3.903416e+02
7.223887e+02
4.869802e+02
5.473917e+01
6.936645e+02
5.320335e+02
7.751228e+02
6.802088e+02
-1.674744e+01
5.788933e+02
3.558535e+02
3.558535e+02
1.849273e+02
4.946416e+02
2.097606e+01
7.694226e+02
6.638949e+02
6.988853e+02
5.765339e+02
8.362110e+02
5.160135e+02
8.255462e+02
7.376207e+02
9.711241e+02
6.140608e+02
9.357120e+02
6.690141e+02
1.035512e+03
8.787305e+02
9.746608e+02
9.495301e+02
5.516212e+02
8.940192e+02
8.708037e+02
1.117651e+03
8.094653e+02
1.119385e+03
1.088983e+03
1.153534e+03
1.099615e+03
1.020726e+03
1.188364e+03
1.066500e+03
1.153830e+03
1.267240e+03
1.255150e+03
1.049253e+03
2.778102e+02
7.414512e+02
4.281330e+02
5.476380e+02
3.702618e+02
8.017740e+01
1.011360e+02
1.117134e+02
4.933380e+01
1.542176e+03
1.979640e+01
0.000000e+00
6.371700e+01
4.457820e+01
4.720723e+02
3.286009e+02
4.861513e+02
3.680887e+02
4.662847e+02
1.338341e+03
6.716653e+01
1.500109e+02
9.568753e+01
1.731001e+02
1.872313e+01
4.198093e+01
3.427393e+01
4.117143e+02
4.540227e+02
4.801377e+02
2.760807e+02
4.559757e+02
5.227046e+01
1.093797e+02
1.039137e+02
7.290626e+01
1.078466e+01
6.710366e+01
5.851286e+01
1.022637e+02
5.233460e+00
4.173986e+01
4.939402e+02
4.088788e+02
4.608670e+02
2.646382e+02
4.502812e+02
2.869042e+02
4.829296e+02
8.327679e+01
1.061626e+02
5.693790e+00
2.397879e+01
5.025339e+01
6.627579e+01
1.199194e+02
5.134361e+02
5.299271e+02
4.251749e+02
2.392199e+02
4.646933e+02
3.632237e+02
5.286005e+02
1.442219e+02
4.988632e+01
4.255372e+01
1.066732e+01
4.919107e+02
5.046973e+02
6.038179e+02
2.984575e+02
3.776215e+02
3.834679e+02
5.402947e+02
5.726642e+02
4.653362e+02
5.592308e+02
3.998258e+02
4.990658e+02
4.581608e+02
1.287842e+02
6.817550e+02
8.130198e+01
1.010174e+02
6.466818e+01
-2.004420e+00
1.830482e+02
1.172120e+02
1.147878e+01
2.011698e+01
-4.924620e+00
7.370898e+01
2.686578e+01
6.492978e+01
9.499800e-01
5.976903e+02
4.652049e+02
5.252403e+02
5.019807e+02
4.441287e+02
3.599715e+02
5.125485e+02
1.674211e+01
-4.620290e+00
5.633836e+02
5.877880e+02
4.253842e+02
4.954546e+02
4.771078e+02
6.846556e+02
-1.034776e+01
2.198518e+02
1.294544e+01
5.946108e+02
6.373722e+02
3.417486e+02
4.256076e+02
5.683134e+02
7.221537e+01
5.452170e+00
-2.698923e+01
5.440135e+02
5.072659e+02
5.723473e+02
4.435369e+02
5.941213e+02
-1.859690e+01
-5.676110e+01
2.593930e+01
1.334470e+01
-2.652230e+01
5.061670e+01
2.144050e+01
-1.272170e+01
2.629870e+01
4.818530e+02
8.273012e+02
5.299346e+02
-5.910757e+01
-5.547637e+01
5.522980e+02
9.059086e+02
4.033942e+02
5.777032e+02
-4.524504e+01
1.557574e+02
4.498656e+01
1.403500e+02
-2.601144e+01
1.078056e+01
-3.259104e+01
-4.465464e+01
-5.166804e+01
-1.476444e+01
7.851960e+00
1.251876e+01
6.160271e+02
9.079595e+02
6.500033e+02
-2.077211e+01
-4.485551e+01
-6.215291e+01
5.550408e+02
9.181776e+02
5.409936e+02
-2.272618e+01
-7.235758e+01
-7.204780e+00
1.400282e+01
-3.176038e+01
2.919620e+00
-5.206780e+00
6.172202e+02
1.022781e+03
5.767946e+02
-6.206685e+01
-5.155785e+01
6.721569e+02
9.368901e+02
6.896775e+02
4.176388e+01
2.069715e+02
-7.813232e+01
6.555112e+02
9.870250e+02
6.595714e+02
-3.137899e+01
6.612923e+02
9.912689e+02
6.781199e+02
-7.965126e+01
9.155340e+00
-5.165706e+01
-5.098626e+01
1.918740e+00
5.252143e+02
9.487435e+02
5.344921e+02
-4.847393e+01
4.668392e+02
9.705860e+02
4.907708e+02
2.472200e+00
6.289929e+02
1.003344e+03
6.261423e+02
3.489213e+01
7.720473e+01
4.968371e+02
1.012254e+03
7.486295e+02
9.870766e+01
7.846278e+02
1.149033e+03
7.875372e+02
1.790106e+02
8.141143e+02
1.172055e+03
7.637377e+02
2.814733e+02
-3.378108e+01
4.088772e+01
1.177152e+03
8.283806e+02
1.460445e+02
1.222147e+03
8.716930e+02
1.786666e+02
7.625078e+01
2.343998e+01
8.920487e+02
1.239005e+03
9.092945e+02
1.699971e+01
1.287218e+03
8.955432e+02
5.196400e-01
9.980540e+02
1.084034e+03
9.572732e+02
1.073853e+03
1.160123e+03
1.045029e+03
4.494090e+01
4.057350e+01
2.174370e+01
1.063595e+03
1.411818e+03
1.059105e+03
1.543150e+03
1.124042e+03
7.446476e+01
1.507372e+03
1.099780e+03
1.119849e+01
1.441788e+03
8.869148e+02
9.137020e+00
5.900242e+01
7.848802e+01
1.196467e+03
1.574318e+03
5.123750e+00
9.408245e+02
1.698027e+03
2.002146e+03
3.925306e+01
4.736692e+01
5.860168e+01
-8.872938e+00
-2.377400e+01
1.751872e+01
1.372000e+02
2.624404e+01
2.283166e+02
